# ecoDfmX1 system matrices
```python
vC
[[[  8.45e-02]
  [  8.49e-02]
  [  8.56e-02]
  ..., 
  [  0.00e+00]
  [  0.00e+00]
  [  0.00e+00]]

 [[  8.40e-02]
  [  8.46e-02]
  [  8.54e-02]
  ..., 
  [  0.00e+00]
  [  0.00e+00]
  [  0.00e+00]]

 [[  8.45e-02]
  [  8.53e-02]
  [  8.59e-02]
  ..., 
  [  0.00e+00]
  [  0.00e+00]
  [  0.00e+00]]

 ..., 
 [[  8.50e-02]
  [  8.50e-02]
  [  8.52e-02]
  ..., 
  [  0.00e+00]
  [  0.00e+00]
  [  0.00e+00]]

 [[  8.52e-02]
  [  8.49e-02]
  [  8.51e-02]
  ..., 
  [  0.00e+00]
  [  0.00e+00]
  [  0.00e+00]]

 [[  8.55e-02]
  [  8.50e-02]
  [  8.52e-02]
  ..., 
  [  0.00e+00]
  [  0.00e+00]
  [  0.00e+00]]]


mZ
[[[  1.00e+00  -1.05e+00   1.40e+00   5.90e-01  -6.21e-01   3.67e-01]
  [  1.00e+00  -1.16e-01   1.42e+00   5.90e-01  -6.82e-02   3.73e-01]
  [  1.00e+00   1.24e+00   1.47e+00   5.90e-01   7.30e-01   3.85e-01]
  ..., 
  [  0.00e+00   0.00e+00   0.00e+00   1.00e+00  -8.66e-01  -1.39e+00]
  [  0.00e+00   0.00e+00   0.00e+00   1.00e+00  -3.79e-01  -1.43e+00]
  [  0.00e+00   0.00e+00   0.00e+00   1.00e+00   1.33e+00  -1.39e+00]]

 [[  1.00e+00  -1.05e+00   1.36e+00   5.90e-01  -6.21e-01   3.57e-01]
  [  1.00e+00  -1.16e-01   1.40e+00   5.90e-01  -6.82e-02   3.67e-01]
  [  1.00e+00   1.24e+00   1.45e+00   5.90e-01   7.30e-01   3.80e-01]
  ..., 
  [  0.00e+00   0.00e+00   0.00e+00   1.00e+00  -9.23e-01  -1.50e+00]
  [  0.00e+00   0.00e+00   0.00e+00   1.00e+00  -4.20e-01  -1.43e+00]
  [  0.00e+00   0.00e+00   0.00e+00   1.00e+00   1.34e+00  -1.45e+00]]

 [[  1.00e+00  -1.05e+00   1.40e+00   5.90e-01  -6.21e-01   3.66e-01]
  [  1.00e+00  -1.16e-01   1.45e+00   5.90e-01  -6.82e-02   3.81e-01]
  [  1.00e+00   1.24e+00   1.49e+00   5.90e-01   7.30e-01   3.91e-01]
  ..., 
  [  0.00e+00   0.00e+00   0.00e+00   1.00e+00  -9.23e-01  -1.53e+00]
  [  0.00e+00   0.00e+00   0.00e+00   1.00e+00  -4.20e-01  -1.46e+00]
  [  0.00e+00   0.00e+00   0.00e+00   1.00e+00   1.34e+00  -1.48e+00]]

 ..., 
 [[  1.00e+00  -1.19e+00   1.43e+00   5.90e-01  -7.01e-01   3.77e-01]
  [  1.00e+00   0.00e+00   1.43e+00   5.90e-01   0.00e+00   3.75e-01]
  [  1.00e+00   1.19e+00   1.43e+00   5.90e-01   7.01e-01   3.76e-01]
  ..., 
  [  0.00e+00   0.00e+00   0.00e+00   1.00e+00  -1.07e+00  -1.45e+00]
  [  0.00e+00   0.00e+00   0.00e+00   1.00e+00  -2.19e-01  -1.44e+00]
  [  0.00e+00   0.00e+00   0.00e+00   1.00e+00   1.28e+00  -1.46e+00]]

 [[  1.00e+00  -1.19e+00   1.45e+00   5.90e-01  -7.01e-01   3.81e-01]
  [  1.00e+00   0.00e+00   1.42e+00   5.90e-01   0.00e+00   3.73e-01]
  [  1.00e+00   1.19e+00   1.42e+00   5.90e-01   7.01e-01   3.74e-01]
  ..., 
  [  0.00e+00   0.00e+00   0.00e+00   1.00e+00  -1.07e+00  -1.46e+00]
  [  0.00e+00   0.00e+00   0.00e+00   1.00e+00  -2.19e-01  -1.45e+00]
  [  0.00e+00   0.00e+00   0.00e+00   1.00e+00   1.28e+00  -1.45e+00]]

 [[  1.00e+00  -1.16e+00   1.47e+00   5.90e-01  -6.85e-01   3.87e-01]
  [  1.00e+00  -5.29e-02   1.43e+00   5.90e-01  -3.11e-02   3.75e-01]
  [  1.00e+00   1.22e+00   1.43e+00   5.90e-01   7.16e-01   3.76e-01]
  ..., 
  [  0.00e+00   0.00e+00   0.00e+00   1.00e+00  -1.06e+00  -1.44e+00]
  [  0.00e+00   0.00e+00   0.00e+00   1.00e+00  -2.21e-01  -1.46e+00]
  [  0.00e+00   0.00e+00   0.00e+00   1.00e+00   1.29e+00  -1.46e+00]]]


mH
[  4.74e-03   4.04e-03   3.65e-03   3.18e-04   1.00e-04   1.29e-04
   1.79e-04   3.42e-05   2.59e-05   1.77e-04   3.93e-05   2.21e-05
   1.80e-04   2.20e-05   4.14e-06   1.51e-03   3.21e-04   7.14e-05
   2.90e-03   3.71e-03   4.18e-03   3.97e-04   1.82e-04   2.54e-04
   2.74e-04   4.38e-05   4.43e-05   1.87e-04   5.83e-06   4.44e-06
   1.33e-04   1.34e-06   8.12e-07   1.78e-04   1.43e-05   3.23e-06]


vD
[[[  0.00e+00]
  [  0.00e+00]
  [  0.00e+00]
  [  7.20e-04]
  [  2.35e-04]
  [  2.48e-04]]]


mT
[[[  9.85e-01   4.78e-02   1.94e-02   0.00e+00   0.00e+00   0.00e+00]
  [  2.95e-03   9.75e-01  -2.66e-03   0.00e+00   0.00e+00   0.00e+00]
  [  7.87e-04   2.11e-03   9.94e-01   0.00e+00   0.00e+00   0.00e+00]
  [  0.00e+00   0.00e+00   0.00e+00   1.00e+00   8.15e-02  -3.19e-02]
  [  0.00e+00   0.00e+00   0.00e+00  -2.72e-03   9.60e-01   1.12e-02]
  [  0.00e+00   0.00e+00   0.00e+00  -2.54e-05   4.91e-03   9.92e-01]]]


mQ
[[[  3.72e-05  -7.66e-06   2.17e-06   0.00e+00   0.00e+00   0.00e+00]
  [ -7.66e-06   2.37e-06  -3.36e-07   0.00e+00   0.00e+00   0.00e+00]
  [  2.17e-06  -3.36e-07   1.65e-06   0.00e+00   0.00e+00   0.00e+00]
  [  0.00e+00   0.00e+00   0.00e+00   1.08e-04  -1.94e-05   1.53e-05]
  [  0.00e+00   0.00e+00   0.00e+00  -1.94e-05   4.09e-06  -2.54e-06]
  [  0.00e+00   0.00e+00   0.00e+00   1.53e-05  -2.54e-06   2.73e-06]]]


```
