# ecoDfmX2 system matrices
```python
vC
[[[  9.84e-02]
  [  1.02e-01]
  [  1.03e-01]
  [  4.61e-02]
  [  5.08e-02]
  [  5.55e-02]
  [  3.79e-02]
  [  4.13e-02]
  [  4.54e-02]
  [  3.49e-02]
  [  3.70e-02]
  [  4.00e-02]
  [  4.11e-02]
  [  3.94e-02]
  [  4.04e-02]
  [  6.04e-02]
  [  5.02e-02]
  [  4.51e-02]
  [  0.00e+00]
  [  0.00e+00]
  [  0.00e+00]
  [  0.00e+00]
  [  0.00e+00]
  [  0.00e+00]
  [  0.00e+00]
  [  0.00e+00]
  [  0.00e+00]
  [  0.00e+00]
  [  0.00e+00]
  [  0.00e+00]
  [  0.00e+00]
  [  0.00e+00]
  [  0.00e+00]
  [  0.00e+00]
  [  0.00e+00]
  [  0.00e+00]]]


mZ
[[[  1.00e+00  -1.05e+00   1.40e+00   5.94e-01  -6.21e-01   3.95e-01]
  [  1.00e+00  -1.16e-01   1.42e+00   5.94e-01  -6.82e-02   4.01e-01]
  [  1.00e+00   1.24e+00   1.47e+00   5.94e-01   7.30e-01   4.14e-01]
  ..., 
  [  0.00e+00   0.00e+00   0.00e+00   1.00e+00  -8.66e-01  -1.39e+00]
  [  0.00e+00   0.00e+00   0.00e+00   1.00e+00  -3.79e-01  -1.43e+00]
  [  0.00e+00   0.00e+00   0.00e+00   1.00e+00   1.33e+00  -1.39e+00]]

 [[  1.00e+00  -1.05e+00   1.36e+00   5.94e-01  -6.21e-01   3.84e-01]
  [  1.00e+00  -1.16e-01   1.40e+00   5.94e-01  -6.82e-02   3.95e-01]
  [  1.00e+00   1.24e+00   1.45e+00   5.94e-01   7.30e-01   4.09e-01]
  ..., 
  [  0.00e+00   0.00e+00   0.00e+00   1.00e+00  -9.23e-01  -1.50e+00]
  [  0.00e+00   0.00e+00   0.00e+00   1.00e+00  -4.20e-01  -1.43e+00]
  [  0.00e+00   0.00e+00   0.00e+00   1.00e+00   1.34e+00  -1.45e+00]]

 [[  1.00e+00  -1.05e+00   1.40e+00   5.94e-01  -6.21e-01   3.94e-01]
  [  1.00e+00  -1.16e-01   1.45e+00   5.94e-01  -6.82e-02   4.09e-01]
  [  1.00e+00   1.24e+00   1.49e+00   5.94e-01   7.30e-01   4.20e-01]
  ..., 
  [  0.00e+00   0.00e+00   0.00e+00   1.00e+00  -9.23e-01  -1.53e+00]
  [  0.00e+00   0.00e+00   0.00e+00   1.00e+00  -4.20e-01  -1.46e+00]
  [  0.00e+00   0.00e+00   0.00e+00   1.00e+00   1.34e+00  -1.48e+00]]

 ..., 
 [[  1.00e+00  -1.19e+00   1.43e+00   5.94e-01  -7.01e-01   4.05e-01]
  [  1.00e+00   0.00e+00   1.43e+00   5.94e-01   0.00e+00   4.03e-01]
  [  1.00e+00   1.19e+00   1.43e+00   5.94e-01   7.01e-01   4.04e-01]
  ..., 
  [  0.00e+00   0.00e+00   0.00e+00   1.00e+00  -1.07e+00  -1.45e+00]
  [  0.00e+00   0.00e+00   0.00e+00   1.00e+00  -2.19e-01  -1.44e+00]
  [  0.00e+00   0.00e+00   0.00e+00   1.00e+00   1.28e+00  -1.46e+00]]

 [[  1.00e+00  -1.19e+00   1.45e+00   5.94e-01  -7.01e-01   4.09e-01]
  [  1.00e+00   0.00e+00   1.42e+00   5.94e-01   0.00e+00   4.01e-01]
  [  1.00e+00   1.19e+00   1.42e+00   5.94e-01   7.01e-01   4.02e-01]
  ..., 
  [  0.00e+00   0.00e+00   0.00e+00   1.00e+00  -1.07e+00  -1.46e+00]
  [  0.00e+00   0.00e+00   0.00e+00   1.00e+00  -2.19e-01  -1.45e+00]
  [  0.00e+00   0.00e+00   0.00e+00   1.00e+00   1.28e+00  -1.45e+00]]

 [[  1.00e+00  -1.16e+00   1.47e+00   5.94e-01  -6.85e-01   4.16e-01]
  [  1.00e+00  -5.29e-02   1.43e+00   5.94e-01  -3.11e-02   4.03e-01]
  [  1.00e+00   1.22e+00   1.43e+00   5.94e-01   7.16e-01   4.04e-01]
  ..., 
  [  0.00e+00   0.00e+00   0.00e+00   1.00e+00  -1.06e+00  -1.44e+00]
  [  0.00e+00   0.00e+00   0.00e+00   1.00e+00  -2.21e-01  -1.46e+00]
  [  0.00e+00   0.00e+00   0.00e+00   1.00e+00   1.29e+00  -1.46e+00]]]


mH
[  1.96e-03   8.74e-04   5.34e-04   3.47e-04   6.22e-05   3.24e-05
   1.86e-04   3.77e-05   2.80e-05   1.42e-04   1.64e-05   1.31e-05
   1.62e-04   1.51e-05   2.97e-06   9.23e-04   1.41e-04   2.77e-05
   2.89e-03   3.71e-03   4.18e-03   3.97e-04   1.82e-04   2.54e-04
   2.74e-04   4.39e-05   4.44e-05   1.87e-04   5.84e-06   4.44e-06
   1.33e-04   1.36e-06   8.31e-07   1.78e-04   1.43e-05   3.22e-06]


vD
[[[  0.00e+00]
  [  0.00e+00]
  [  0.00e+00]
  [  6.48e-04]
  [  2.54e-04]
  [  2.38e-04]]]


mT
[[[  9.93e-01   1.01e-01   1.53e-02   0.00e+00   0.00e+00   0.00e+00]
  [ -2.01e-03   9.39e-01   1.75e-03   0.00e+00   0.00e+00   0.00e+00]
  [  2.34e-03   6.13e-03   9.90e-01   0.00e+00   0.00e+00   0.00e+00]
  [  0.00e+00   0.00e+00   0.00e+00   1.00e+00   8.66e-02  -3.19e-02]
  [  0.00e+00   0.00e+00   0.00e+00  -2.80e-03   9.59e-01   1.12e-02]
  [  0.00e+00   0.00e+00   0.00e+00   3.15e-05   5.79e-03   9.92e-01]]]


mQ
[[[  3.85e-05  -8.05e-06   1.88e-06   0.00e+00   0.00e+00   0.00e+00]
  [ -8.05e-06   2.55e-06  -1.73e-07   0.00e+00   0.00e+00   0.00e+00]
  [  1.88e-06  -1.73e-07   1.89e-06   0.00e+00   0.00e+00   0.00e+00]
  [  0.00e+00   0.00e+00   0.00e+00   1.08e-04  -1.94e-05   1.54e-05]
  [  0.00e+00   0.00e+00   0.00e+00  -1.94e-05   4.10e-06  -2.57e-06]
  [  0.00e+00   0.00e+00   0.00e+00   1.54e-05  -2.57e-06   2.75e-06]]]


```
