# fulDfmX1 system matrices
```python
vC
[[[  1.09e-01]
  [  1.14e-01]
  [  1.14e-01]
  [  7.89e-02]
  [  8.19e-02]
  [  8.47e-02]
  [  7.06e-02]
  [  7.17e-02]
  [  7.38e-02]
  [  6.38e-02]
  [  6.55e-02]
  [  6.71e-02]
  [  6.05e-02]
  [  6.07e-02]
  [  6.15e-02]
  [  6.29e-02]
  [  5.90e-02]
  [  5.78e-02]
  [  0.00e+00]
  [  0.00e+00]
  [  0.00e+00]
  [  0.00e+00]
  [  0.00e+00]
  [  0.00e+00]
  [  0.00e+00]
  [  0.00e+00]
  [  0.00e+00]
  [  0.00e+00]
  [  0.00e+00]
  [  0.00e+00]
  [  0.00e+00]
  [  0.00e+00]
  [  0.00e+00]
  [  0.00e+00]
  [  0.00e+00]
  [  0.00e+00]]]


mZ
[[[  1.19e+00  -1.19e+00   8.59e+00   6.78e-01  -4.43e-01   3.19e+00]
  [  1.11e+00   5.30e-01   1.08e+01   6.32e-01   1.97e-01   4.01e+00]
  [  1.08e+00   2.61e+00   1.05e+01   6.17e-01   9.74e-01   3.92e+00]
  [  1.05e+00  -1.29e+00   2.51e+00   6.00e-01  -4.80e-01   9.31e-01]
  [  1.04e+00  -5.89e-02   3.06e+00   5.93e-01  -2.19e-02   1.14e+00]
  [  1.02e+00   1.13e+00   3.67e+00   5.82e-01   4.23e-01   1.36e+00]
  [  1.00e+00  -1.00e+00   1.00e+00   5.69e-01  -3.72e-01   3.72e-01]
  [  1.01e+00  -1.75e-02   7.60e-01   5.72e-01  -6.52e-03   2.83e-01]
  [  1.00e+00   1.00e+00   1.00e+00   5.69e-01   3.72e-01   3.72e-01]
  [  1.00e+00  -1.00e+00  -1.00e+00   5.69e-01  -3.72e-01  -3.72e-01]
  [  1.00e+00   3.92e-02  -1.05e+00   5.70e-01   1.46e-02  -3.91e-01]
  [  1.00e+00   1.00e+00  -1.00e+00   5.69e-01   3.72e-01  -3.72e-01]
  [  1.02e+00  -6.21e-01  -2.64e+00   5.82e-01  -2.31e-01  -9.81e-01]
  [  9.93e-01   1.47e-01  -2.35e+00   5.65e-01   5.49e-02  -8.75e-01]
  [  9.85e-01   1.01e+00  -2.34e+00   5.60e-01   3.77e-01  -8.71e-01]
  [  1.14e+00  -3.70e-01  -4.44e+00   6.49e-01  -1.38e-01  -1.65e+00]
  [  1.07e+00   4.85e-01  -4.55e+00   6.08e-01   1.81e-01  -1.69e+00]
  [  1.00e+00   1.17e+00  -3.94e+00   5.71e-01   4.35e-01  -1.46e+00]
  [  0.00e+00   0.00e+00   0.00e+00   1.22e+00  -3.62e-01   6.15e+00]
  [  0.00e+00   0.00e+00   0.00e+00   1.23e+00   1.13e+00   7.47e+00]
  [  0.00e+00   0.00e+00   0.00e+00   1.19e+00   2.25e+00   8.65e+00]
  [  0.00e+00   0.00e+00   0.00e+00   1.02e+00  -1.01e+00   3.58e+00]
  [  0.00e+00   0.00e+00   0.00e+00   1.06e+00   2.77e-01   3.20e+00]
  [  0.00e+00   0.00e+00   0.00e+00   1.05e+00   1.28e+00   3.70e+00]
  [  0.00e+00   0.00e+00   0.00e+00   1.00e+00  -1.00e+00   1.00e+00]
  [  0.00e+00   0.00e+00   0.00e+00   1.02e+00   1.45e-01   4.99e-01]
  [  0.00e+00   0.00e+00   0.00e+00   1.00e+00   1.00e+00   1.00e+00]
  [  0.00e+00   0.00e+00   0.00e+00   1.00e+00  -1.00e+00  -1.00e+00]
  [  0.00e+00   0.00e+00   0.00e+00   1.02e+00   1.88e-01  -1.60e+00]
  [  0.00e+00   0.00e+00   0.00e+00   1.00e+00   1.00e+00  -1.00e+00]
  [  0.00e+00   0.00e+00   0.00e+00   1.02e+00  -8.93e-01  -3.38e+00]
  [  0.00e+00   0.00e+00   0.00e+00   1.00e+00   1.41e-01  -3.51e+00]
  [  0.00e+00   0.00e+00   0.00e+00   9.68e-01   8.50e-01  -2.75e+00]
  [  0.00e+00   0.00e+00   0.00e+00   1.07e+00  -6.76e-01  -6.48e+00]
  [  0.00e+00   0.00e+00   0.00e+00   1.01e+00   1.74e-01  -6.05e+00]
  [  0.00e+00   0.00e+00   0.00e+00   9.58e-01   7.57e-01  -4.98e+00]]]


mH
[  1.41e-03   4.28e-04   2.00e-04   3.63e-04   1.09e-04   5.32e-05
   2.34e-04   8.27e-05   5.50e-05   1.49e-04   4.77e-05   3.02e-05
   1.40e-04   2.85e-05   1.02e-05   8.47e-04   1.40e-04   2.64e-05
   5.68e-04   1.89e-04   1.36e-04   7.26e-05   3.13e-05   1.60e-05
   5.24e-05   3.29e-05   2.22e-05   4.64e-05   2.15e-05   2.15e-05
   2.78e-05   1.25e-05   1.01e-05   4.63e-05   1.31e-05   8.60e-06]


vD
[[[  0.00e+00]
  [  0.00e+00]
  [  0.00e+00]
  [  6.18e-04]
  [  5.47e-04]
  [  5.41e-05]]]


mT
[[[  9.98e-01   9.22e-02   6.45e-02   0.00e+00   0.00e+00   0.00e+00]
  [ -3.71e-03   9.38e-01  -1.08e-02   0.00e+00   0.00e+00   0.00e+00]
  [  4.40e-04   1.16e-03   9.89e-01   0.00e+00   0.00e+00   0.00e+00]
  [  0.00e+00   0.00e+00   0.00e+00   9.97e-01   4.74e-02  -3.11e-02]
  [  0.00e+00   0.00e+00   0.00e+00  -3.67e-03   9.53e-01   4.62e-02]
  [  0.00e+00   0.00e+00   0.00e+00   6.96e-04   9.15e-04   9.74e-01]]]


mQ
[[[  3.71e-05  -1.11e-05   5.05e-07   0.00e+00   0.00e+00   0.00e+00]
  [ -1.11e-05   4.65e-06  -1.68e-07   0.00e+00   0.00e+00   0.00e+00]
  [  5.05e-07  -1.68e-07   1.27e-07   0.00e+00   0.00e+00   0.00e+00]
  [  0.00e+00   0.00e+00   0.00e+00   1.28e-04  -4.49e-05   5.23e-06]
  [  0.00e+00   0.00e+00   0.00e+00  -4.49e-05   1.82e-05  -1.82e-06]
  [  0.00e+00   0.00e+00   0.00e+00   5.23e-06  -1.82e-06   3.71e-07]]]


```
